36.76297211647034
37.476165533065796
203.4389786720276
23.413277626037598
532.6286528110504
167.32761573791504
19.248951196670532
23.13184118270874
92.333247423172
61.654895067214966
300.00756216049194
2.567171573638916
16.100151300430298
37.913878440856934
123.86405444145203
3.244757890701294
205.217844247818
13.241235256195068
138.7966558933258
12.853406429290771
196.32045197486877
2.256704807281494
261.62947821617126
25.634976625442505
7.341352939605713
124.27612543106079
260.33448123931885
42.97268772125244
61.41340231895447
61.15002727508545
7.5808656215667725
26.6380717754364
11.429986000061035
13.35430908203125
321.43680715560913
308.1763827800751
24.207732677459717
24.13315224647522
8.039148807525635
411.55058217048645
79.74563789367676
24.637341737747192
138.3927924633026
118.8731689453125
4.376976728439331
11.126477718353271
139.13545441627502
25.24391484260559
25.981019973754883
43.301318883895874
12.817086935043335
5.255786657333374
26.846391916275024
141.6529049873352
122.73220372200012
61.085946798324585
32.15913248062134
80.8047604560852
12.043259620666504
49.94383120536804
44.840991497039795
18.69825053215027
10.988929033279419
1.8457324504852295
57.910701751708984
1.0947906970977783
7.28881573677063
233.2706778049469
78.45994186401367
35.628084897994995
16.82663583755493
95.51727652549744
13.29658842086792
13.640214204788208
100.6836085319519
12.639403343200684
300.01428174972534
201.86873984336853
46.504075050354004
354.18665981292725
1.8594372272491455
9010.563849687576
260.9483358860016
25.52065944671631
49.26646542549133
12.80739140510559
274.84430289268494
97.54672193527222
25.69559597969055
405.71912264823914
27.599717378616333
100.46343660354614
300.00932908058167
117.24156928062439
54.3607394695282
9.16511344909668
275.17884063720703
152.44065618515015
62.23896336555481
19.519372701644897
76.93249106407166
23.119032382965088
275.984947681427
40.308281898498535
6.1982386112213135
38.07296442985535
38.83001470565796
2.7815353870391846
65.00898551940918
62.60391569137573
15.733602523803711
8.664128065109253
20.69259023666382
279.2750246524811
12.857138872146606
300.0315852165222
2.1299517154693604
15.095012187957764
300.0186049938202
8.504271268844604
300.0210762023926
162.7158272266388
8.671133041381836
86.34835457801819
10.844152212142944
40.46346664428711
33.39953589439392
12.356254816055298
11.073654174804688
139.79518461227417
279.72535037994385
2.0750513076782227
56.12688326835632
18.77180767059326
10.055383682250977
42.51592564582825
5.349313020706177
2.8917548656463623
112.2486982345581
7.761067628860474
57.69229769706726
5.50067138671875
158.69688057899475
12.93999981880188
165.46834993362427
243.32907962799072
8.213813066482544
291.4657413959503
58.60308790206909
8.450978755950928
5.2358317375183105
137.5311563014984
5.386663913726807
8.549312591552734
26.078598260879517
300.00851702690125
6.980140447616577
8.343443870544434
68.97324442863464
88.48686194419861
84.34601950645447
90.42041563987732
284.702276468277
215.62250399589539
289.91019344329834
464.8835880756378
6.99229097366333
92.42522931098938
196.7251420021057
300.02294921875
114.46951079368591
116.91064047813416
309.6440398693085
191.85473012924194
253.10145783424377
7.706767797470093
102.72985649108887
196.2638063430786
20.97310447692871
170.24258661270142
174.52923965454102
300.0140657424927
10.692804336547852
8.782743215560913
280.8443052768707
7.483302354812622
47.15342712402344
10.551188945770264
21.159186840057373
133.5251705646515
97.93693780899048
11.844059467315674
13.981953620910645
